{
  "results": [
    {
      "preset": "toy_clean",
      "trials": 10,
      "oriented_mul": false,
      "keygen_s": 0.005065383999863116,
      "median_timings_s": {
        "encrypt_s": 4.9417999889556086e-05,
        "expand_s": 0.000616844999967725,
        "eval_add_s": 0.0001213240000197402,
        "eval_mul_s": 0.0009010295000280166,
        "compact_s": 0.0032157650000499416,
        "decrypt_s": 0.00015948549980748794,
        "end_to_end_mul_s": 0.004345125999861921
      },
      "successes": 10,
      "failures": 0,
      "success_rate": 1.0,
      "max_support_seen_after_mul": 17
    },
    {
      "preset": "toy_noisy",
      "trials": 10,
      "oriented_mul": false,
      "keygen_s": 0.017291553000177373,
      "median_timings_s": {
        "encrypt_s": 0.00014322149991130573,
        "expand_s": 0.003145556499930535,
        "eval_add_s": 0.0007027469998774905,
        "eval_mul_s": 0.005521201499959716,
        "compact_s": 0.03896092100012538,
        "decrypt_s": 0.0014470849998815538,
        "end_to_end_mul_s": 0.045906369000022096
      },
      "successes": 10,
      "failures": 0,
      "success_rate": 1.0,
      "max_support_seen_after_mul": 25
    },
    {
      "preset": "toy_depth2",
      "trials": 10,
      "oriented_mul": false,
      "keygen_s": 0.025135916999715846,
      "median_timings_s": {
        "encrypt_s": 0.00018752149981082766,
        "expand_s": 0.002807677499959027,
        "eval_add_s": 0.0006722170001012273,
        "eval_mul_s": 0.00233494500002962,
        "compact_s": 0.032665091499893606,
        "decrypt_s": 0.0036637815001085983,
        "end_to_end_mul_s": 0.039141752499972426
      },
      "successes": 10,
      "failures": 0,
      "success_rate": 1.0,
      "max_support_seen_after_mul": 7
    }
  ]
}
