{
  "preset": "toy_noisy",
  "gate": "xor",
  "keygen_time_s": 0.05977584199990815,
  "tracemalloc_current_bytes": 783862,
  "tracemalloc_peak_bytes": 1988130,
  "summary": {
    "trials": 3,
    "successes": 3,
    "failures": 0,
    "input_time_s": {
      "mean": 0.014336150666773998,
      "median": 0.014149728000120376,
      "min": 0.013671511000211467,
      "max": 0.015187212999990152
    },
    "eval_time_s": {
      "mean": 0.031393743333410384,
      "median": 0.03229463900015617,
      "min": 0.02920306799978789,
      "max": 0.032683523000287096
    },
    "compact_decrypt_time_s": {
      "mean": 0.520409958666581,
      "median": 0.5222216140000455,
      "min": 0.510645872999703,
      "max": 0.5283623889999944
    },
    "total_time_s": {
      "mean": 0.5661398526667654,
      "median": 0.5697034660001918,
      "min": 0.5574791240001105,
      "max": 0.5712369679999938
    },
    "max_row_support_seen": 25,
    "max_total_output_nnz_seen": 5963
  },
  "note": "Python validation prototype timing only; not an optimized cryptographic library benchmark.",
  "first_failures": []
}
