{
  "preset": "toy_noisy",
  "gate": "and",
  "keygen_time_s": 0.05800956599978235,
  "tracemalloc_current_bytes": 786690,
  "tracemalloc_peak_bytes": 1570106,
  "summary": {
    "trials": 10,
    "successes": 10,
    "failures": 0,
    "input_time_s": {
      "mean": 0.014533558499942955,
      "median": 0.014241918499919848,
      "min": 0.013671622999936517,
      "max": 0.017099995000080526
    },
    "eval_time_s": {
      "mean": 0.02119624740007566,
      "median": 0.02113136850016417,
      "min": 0.020560946999921725,
      "max": 0.02202908400022352
    },
    "compact_decrypt_time_s": {
      "mean": 0.5678767902998516,
      "median": 0.5688449499998569,
      "min": 0.49025444399967455,
      "max": 0.6440999479996208
    },
    "total_time_s": {
      "mean": 0.6036065961998702,
      "median": 0.6040518669997255,
      "min": 0.5258566640000026,
      "max": 0.679035444999954
    },
    "max_row_support_seen": 25,
    "max_total_output_nnz_seen": 5697
  },
  "note": "Python validation prototype timing only; not an optimized cryptographic library benchmark.",
  "first_failures": []
}
