{
  "preset": "toy_noisy",
  "gate": "and",
  "keygen_time_s": 0.0610299230002056,
  "tracemalloc_current_bytes": 782942,
  "tracemalloc_peak_bytes": 1570162,
  "summary": {
    "trials": 5,
    "successes": 5,
    "failures": 0,
    "input_time_s": {
      "mean": 0.015582207199895493,
      "median": 0.015033039999707398,
      "min": 0.014469739999640296,
      "max": 0.01722391399971457
    },
    "eval_time_s": {
      "mean": 0.022622894200139854,
      "median": 0.021730733000367763,
      "min": 0.0212146210001265,
      "max": 0.02561961599985807
    },
    "compact_decrypt_time_s": {
      "mean": 0.6868230835999384,
      "median": 0.6586439520001477,
      "min": 0.5111023129998102,
      "max": 0.9663448510000308
    },
    "total_time_s": {
      "mean": 0.7250281849999738,
      "median": 0.6970824869999888,
      "min": 0.5530470859998786,
      "max": 1.0041739370003597
    },
    "max_row_support_seen": 25,
    "max_total_output_nnz_seen": 5697
  },
  "note": "Python validation prototype timing only; not an optimized cryptographic library benchmark.",
  "first_failures": []
}
